---
filepath: ./.history.json

start: 2018-04-01
end: 2018-04-30
breaks: 1

radius: 1000 # in meters
latitude: 64.4331875
longitude: 24.8081649

