---
filepath: ./.history.json

start: 2019-03-01
end: 2019-03-31
breaks: 1

radius: 500
latitude: 61.446549
longitude: 23.862525

